Расчет 1			Расчет 2			Расчет 3			Расчет 4			Расчет 5			Расчет 6			Расчет 7			Расчет 8			Расчет 9			Расчет 10			Расчет 11			Расчет 12			Расчет 13			Расчет 14			Расчет 15			Расчет 16			Расчет 17			Расчет 18			Расчет 19			Расчет 20			Расчет 21			Расчет 22	
1,2	20,28		1,2	22,1		1,2	23,6		1,2	24,78		1,2	25,68		1,2	26,4		1,2	27,61		1,2	28,37		1,2	29,2		1,2	29,64		1,2	29,92		2	20,28		0,49	24,04		0,49	27,43		0,49	30,32		0,49	32,69		0,49	34,66		0,49	38,16		0,49	40,45		0,49	43,08		0,49	44,48		0,49	45,38
2,4	20,28		2,4	22,12		2,4	23,64		2,4	24,84		2,4	25,76		2,4	26,49		2,4	27,71		2,4	28,48		2,4	29,33		2,4	29,77		2,4	30,06		0,98	20,28		0,98	24,05		0,98	27,45		0,98	30,36		0,98	32,75		0,98	34,74		0,98	38,27		0,98	40,59		0,98	43,25		0,98	44,67		0,98	45,59
3,6	20,28		3,6	22,15		3,6	23,69		3,6	24,9		3,6	25,83		3,6	26,57		3,6	27,82		3,6	28,6		3,6	29,46		3,6	29,91		3,6	30,2		1,47	20,28		1,47	24,06		1,47	27,48		1,47	30,41		1,47	32,81		1,47	34,82		1,47	38,39		1,47	40,74		1,47	43,43		1,47	44,87		1,47	45,79
4,8	20,28		4,8	22,17		4,8	23,73		4,8	24,96		4,8	25,91		4,8	26,66		4,8	27,92		4,8	28,71		4,8	29,59		4,8	30,05		4,8	30,34		1,96	20,28		1,96	24,07		1,96	27,51		1,96	30,45		1,96	32,88		1,96	34,9		1,96	38,51		1,96	40,88		1,96	43,61		1,96	45,06		1,96	46
6	20,28		6	22,2		6	23,78		6	25,03		6	25,98		6	26,75		6	28,03		6	28,83		6	29,72		6	30,19		6	30,48		2,45	20,28		2,45	24,08		2,45	27,53		2,45	30,49		2,45	32,94		2,45	34,98		2,45	38,63		2,45	41,02		2,45	43,79		2,45	45,26		2,45	46,21
7,2	20,28		7,2	22,22		7,2	23,83		7,2	25,09		7,2	26,06		7,2	26,84		7,2	28,14		7,2	28,95		7,2	29,86		7,2	30,33		7,2	30,63		2,94	20,28		2,94	24,09		2,94	27,56		2,94	30,54		2,94	33		2,94	35,07		2,94	38,75		2,94	41,17		2,94	43,97		2,94	45,46		2,94	46,43
8,4	20,28		8,4	22,25		8,4	23,87		8,4	25,15		8,4	26,14		8,4	26,93		8,4	28,25		8,4	29,08		8,4	29,99		8,4	30,47		8,4	30,78		3,43	20,28		3,43	24,1		3,43	27,58		3,43	30,58		3,43	33,07		3,43	35,15		3,43	38,87		3,43	41,32		3,43	44,15		3,43	45,67		3,43	46,65
9,6	20,28		9,6	22,27		9,6	23,92		9,6	25,22		9,6	26,22		9,6	27,02		9,6	28,36		9,6	29,2		9,6	30,13		9,6	30,62		9,6	30,93		3,92	20,28		3,92	24,11		3,92	27,61		3,92	30,63		3,92	33,13		3,92	35,23		3,92	38,99		3,92	41,47		3,92	44,34		3,92	45,88		3,92	46,87
10,8	20,28		10,8	22,3		10,8	23,97		10,8	25,29		10,8	26,3		10,8	27,11		10,8	28,47		10,8	29,33		10,8	30,27		10,8	30,77		10,8	31,09		4,41	20,28		4,41	24,12		4,41	27,63		4,41	30,67		4,41	33,19		4,41	35,31		4,41	39,11		4,41	41,62		4,41	44,53		4,41	46,09		4,41	47,09
12	20,28		12	22,33		12	24,02		12	25,36		12	26,39		12	27,21		12	28,59		12	29,46		12	30,42		12	30,92		12	31,24		4,9	20,28		4,9	24,13		4,9	27,66		4,9	30,72		4,9	33,26		4,9	35,4		4,9	39,23		4,9	41,78		4,9	44,72		4,9	46,3		4,9	47,32
13,2	20,28		13,2	22,35		13,2	24,07		13,2	25,42		13,2	26,47		13,2	27,3		13,2	28,71		13,2	29,59		13,2	30,56		13,2	31,07		13,2	31,4		5,39	20,28		5,39	24,14		5,39	27,68		5,39	30,76		5,39	33,32		5,39	35,48		5,39	39,36		5,39	41,93		5,39	44,91		5,39	46,51		5,39	47,55
14,4	20,28		14,4	22,38		14,4	24,12		14,4	25,49		14,4	26,55		14,4	27,4		14,4	28,82		14,4	29,72		14,4	30,71		14,4	31,23		14,4	31,56		5,88	20,28		5,88	24,15		5,88	27,71		5,88	30,8		5,88	33,39		5,88	35,56		5,88	39,48		5,88	42,09		5,88	45,11		5,88	46,73		5,88	47,78
15,6	20,28		15,6	22,41		15,6	24,17		15,6	25,56		15,6	26,64		15,6	27,5		15,6	28,94		15,6	29,85		15,6	30,86		15,6	31,39		15,6	31,73		6,37	20,28		6,37	24,16		6,37	27,73		6,37	30,85		6,37	33,45		6,37	35,65		6,37	39,61		6,37	42,25		6,37	45,31		6,37	46,96		6,37	48,02
16,8	20,28		16,8	22,44		16,8	24,22		16,8	25,63		16,8	26,73		16,8	27,6		16,8	29,07		16,8	29,99		16,8	31,02		16,8	31,55		16,8	31,9		6,86	20,28		6,86	24,17		6,86	27,76		6,86	30,89		6,86	33,52		6,86	35,73		6,86	39,74		6,86	42,41		6,86	45,51		6,86	47,18		6,86	48,26
18	20,28		18	22,46		18	24,27		18	25,71		18	26,81		18	27,7		18	29,19		18	30,13		18	31,17		18	31,72		18	32,07		7,35	20,28		7,35	24,18		7,35	27,78		7,35	30,93		7,35	33,58		7,35	35,82		7,35	39,86		7,35	42,57		7,35	45,71		7,35	47,41		7,35	48,51
19,2	20,28		19,2	22,49		19,2	24,33		19,2	25,78		19,2	26,9		19,2	27,8		19,2	29,32		19,2	30,27		19,2	31,33		19,2	31,88		19,2	32,24		7,84	20,28		7,84	24,18		7,84	27,8		7,84	30,98		7,84	33,64		7,84	35,9		7,84	39,99		7,84	42,73		7,84	45,92		7,84	47,64		7,84	48,76
20,4	20,28		20,4	22,52		20,4	24,38		20,4	25,85		20,4	26,99		20,4	27,9		20,4	29,44		20,4	30,41		20,4	31,49		20,4	32,05		20,4	32,42		8,33	20,28		8,33	24,19		8,33	27,83		8,33	31,02		8,33	33,71		8,33	35,99		8,33	40,13		8,33	42,9		8,33	46,13		8,33	47,88		8,33	49,01
21,6	20,28		21,6	22,55		21,6	24,43		21,6	25,93		21,6	27,08		21,6	28,01		21,6	29,57		21,6	30,56		21,6	31,65		21,6	32,23		21,6	32,6		8,82	20,28		8,82	24,2		8,82	27,85		8,82	31,06		8,82	33,77		8,82	36,08		8,82	40,26		8,82	43,06		8,82	46,34		8,82	48,12		8,82	49,27
22,8	20,28		22,8	22,58		22,8	24,49		22,8	26		22,8	27,18		22,8	28,12		22,8	29,7		22,8	30,7		22,8	31,82		22,8	32,4		22,8	32,78		9,31	20,28		9,31	24,21		9,31	27,87		9,31	31,11		9,31	33,84		9,31	36,16		9,31	40,39		9,31	43,23		9,31	46,56		9,31	48,36		9,31	49,53
24	20,28		24	22,61		24	24,54		24	26,08		24	27,27		24	28,22		24	29,84		24	30,85		24	31,99		24	32,58		24	32,96		9,8	20,28		9,8	24,22		9,8	27,9		9,8	31,15		9,8	33,9		9,8	36,25		9,8	40,53		9,8	43,4		9,8	46,78		9,8	48,61		9,8	49,79
25,2	20,28		25,2	22,64		25,2	24,6		25,2	26,16		25,2	27,37		25,2	28,33		25,2	29,97		25,2	31,01		25,2	32,16		25,2	32,76		25,2	33,15		10,29	20,28		10,29	24,23		10,29	27,92		10,29	31,19		10,29	33,97		10,29	36,34		10,29	40,66		10,29	43,58		10,29	47		10,29	48,86		10,29	50,06
26,4	20,28		26,4	22,67		26,4	24,65		26,4	26,23		26,4	27,46		26,4	28,44		26,4	30,11		26,4	31,16		26,4	32,33		26,4	32,95		26,4	33,35		10,78	20,28		10,78	24,23		10,78	27,94		10,78	31,24		10,78	34,03		10,78	36,42		10,78	40,8		10,78	43,75		10,78	47,23		10,78	49,11		10,78	50,34
27,6	20,28		27,6	22,7		27,6	24,71		27,6	26,31		27,6	27,56		27,6	28,56		27,6	30,25		27,6	31,32		27,6	32,51		27,6	33,14		27,6	33,54		11,27	20,28		11,27	24,24		11,27	27,96		11,27	31,28		11,27	34,1		11,27	36,51		11,27	40,94		11,27	43,93		11,27	47,45		11,27	49,37		11,27	50,61
28,8	20,28		28,8	22,73		28,8	24,77		28,8	26,39		28,8	27,66		28,8	28,67		28,8	30,39		28,8	31,48		28,8	32,69		28,8	33,33		28,8	33,74		11,76	20,28		11,76	24,25		11,76	27,98		11,76	31,32		11,76	34,16		11,76	36,6		11,76	41,07		11,76	44,11		11,76	47,68		11,76	49,63		11,76	50,9
30	20,28		30	22,76		30	24,83		30	26,47		30	27,76		30	28,79		30	30,53		30	31,64		30	32,88		30	33,53		30	33,95		12,25	20,28		12,25	24,26		12,25	28,01		12,25	31,36		12,25	34,23		12,25	36,69		12,25	41,21		12,25	44,29		12,25	47,92		12,25	49,9		12,25	51,19
31,2	20,28		31,2	22,79		31,2	24,88		31,2	26,55		31,2	27,86		31,2	28,9		31,2	30,68		31,2	31,8		31,2	33,06		31,2	33,73		31,2	34,15		12,74	20,28		12,74	24,26		12,74	28,03		12,74	31,4		12,74	34,29		12,74	36,78		12,74	41,36		12,74	44,47		12,74	48,16		12,74	50,17		12,74	51,48
32,4	20,28		32,4	22,82		32,4	24,94		32,4	26,64		32,4	27,96		32,4	29,02		32,4	30,83		32,4	31,97		32,4	33,25		32,4	33,93		32,4	34,36		13,23	20,28		13,23	24,27		13,23	28,05		13,23	31,44		13,23	34,36		13,23	36,87		13,23	41,5		13,23	44,66		13,23	48,4		13,23	50,44		13,23	51,78
33,6	20,28		33,6	22,85		33,6	25		33,6	26,72		33,6	28,06		33,6	29,14		33,6	30,98		33,6	32,14		33,6	33,45		33,6	34,14		33,6	34,58		13,72	20,28		13,72	24,28		13,72	28,07		13,72	31,49		13,72	34,42		13,72	36,96		13,72	41,64		13,72	44,85		13,72	48,65		13,72	50,72		13,72	52,08
34,8	20,28		34,8	22,88		34,8	25,06		34,8	26,8		34,8	28,17		34,8	29,26		34,8	31,13		34,8	32,32		34,8	33,65		34,8	34,35		34,8	34,8		14,21	20,28		14,21	24,28		14,21	28,09		14,21	31,53		14,21	34,49		14,21	37,05		14,21	41,79		14,21	45,04		14,21	48,9		14,21	51,01		14,21	52,39
36	20,28		36	22,91		36	25,12		36	26,89		36	28,27		36	29,39		36	31,29		36	32,49		36	33,85		36	34,56		36	35,02		14,7	20,28		14,7	24,29		14,7	28,11		14,7	31,57		14,7	34,55		14,7	37,14		14,7	41,94		14,7	45,23		14,7	49,15		14,7	51,3		14,7	52,7
37,2	20,28		37,2	22,95		37,2	25,18		37,2	26,98		37,2	28,38		37,2	29,51		37,2	31,44		37,2	32,67		37,2	34,05		37,2	34,78		37,2	35,25		15,19	20,28		15,19	24,3		15,19	28,13		15,19	31,61		15,19	34,62		15,19	37,23		15,19	42,08		15,19	45,42		15,19	49,41		15,19	51,59		15,19	53,02
38,4	20,28		38,4	22,98		38,4	25,24		38,4	27,06		38,4	28,49		38,4	29,64		38,4	31,6		38,4	32,85		38,4	34,26		38,4	35,01		38,4	35,48		15,68	20,28		15,68	24,3		15,68	28,15		15,68	31,65		15,68	34,68		15,68	37,32		15,68	42,23		15,68	45,62		15,68	49,67		15,68	51,89		15,68	53,35
39,6	20,28		39,6	23,01		39,6	25,31		39,6	27,15		39,6	28,6		39,6	29,77		39,6	31,77		39,6	33,04		39,6	34,47		39,6	35,23		39,6	35,72		16,17	20,28		16,17	24,31		16,17	28,17		16,17	31,69		16,17	34,74		16,17	37,41		16,17	42,38		16,17	45,82		16,17	49,93		16,17	52,2		16,17	53,68
40,8	20,28		40,8	23,04		40,8	25,37		40,8	27,24		40,8	28,71		40,8	29,9		40,8	31,93		40,8	33,23		40,8	34,69		40,8	35,47		40,8	35,97		16,66	20,28		16,66	24,31		16,66	28,18		16,66	31,73		16,66	34,81		16,66	37,5		16,66	42,54		16,66	46,02		16,66	50,2		16,66	52,51		16,66	54,02
42	20,28		42	23,08		42	25,43		42	27,33		42	28,82		42	30,03		42	32,1		42	33,42		42	34,91		42	35,7		42	36,21		17,15	20,28		17,15	24,32		17,15	28,2		17,15	31,76		17,15	34,87		17,15	37,59		17,15	42,69		17,15	46,23		17,15	50,48		17,15	52,82		17,15	54,36
43,2	20,28		43,2	23,11		43,2	25,49		43,2	27,42		43,2	28,94		43,2	30,16		43,2	32,27		43,2	33,62		43,2	35,14		43,2	35,95		43,2	36,47		17,64	20,28		17,64	24,32		17,64	28,22		17,64	31,8		17,64	34,94		17,64	37,68		17,64	42,84		17,64	46,43		17,64	50,75		17,64	53,14		17,64	54,72
44,4	20,28		44,4	23,14		44,4	25,56		44,4	27,51		44,4	29,05		44,4	30,3		44,4	32,44		44,4	33,82		44,4	35,37		44,4	36,19		44,4	36,72		18,13	20,28		18,13	24,33		18,13	28,24		18,13	31,84		18,13	35		18,13	37,77		18,13	43		18,13	46,64		18,13	51,04		18,13	53,47		18,13	55,07
45,6	20,28		45,6	23,17		45,6	25,62		45,6	27,6		45,6	29,17		45,6	30,44		45,6	32,62		45,6	34,02		45,6	35,6		45,6	36,44		45,6	36,99		18,62	20,28		18,62	24,33		18,62	28,25		18,62	31,88		18,62	35,06		18,62	37,86		18,62	43,16		18,62	46,86		18,62	51,33		18,62	53,81		18,62	55,44
46,8	20,28		46,8	23,21		46,8	25,69		46,8	27,7		46,8	29,29		46,8	30,58		46,8	32,8		46,8	34,23		46,8	35,84		46,8	36,7		46,8	37,26		19,11	20,28		19,11	24,34		19,11	28,27		19,11	31,92		19,11	35,13		19,11	37,95		19,11	43,32		19,11	47,07		19,11	51,62		19,11	54,15		19,11	55,81
48	20,28		48	23,24		48	25,75		48	27,79		48	29,41		48	30,72		48	32,98		48	34,44		48	36,09		48	36,97		48	37,53		19,6	20,28		19,6	24,34		19,6	28,29		19,6	31,95		19,6	35,19		19,6	38,05		19,6	43,48		19,6	47,29		19,6	51,92		19,6	54,49		19,6	56,19
49,2	20,28		49,2	23,27		49,2	25,82		49,2	27,89		49,2	29,53		49,2	30,86		49,2	33,17		49,2	34,65		49,2	36,34		49,2	37,24		49,2	37,82		20,09	20,28		20,09	24,35		20,09	28,3		20,09	31,99		20,09	35,25		20,09	38,14		20,09	43,64		20,09	47,51		20,09	52,22		20,09	54,85		20,09	56,58
50,4	20,28		50,4	23,31		50,4	25,88		50,4	27,98		50,4	29,65		50,4	31,01		50,4	33,36		50,4	34,87		50,4	36,59		50,4	37,51		50,4	38,11		20,58	20,28		20,58	24,35		20,58	28,32		20,58	32,02		20,58	35,31		20,58	38,23		20,58	43,8		20,58	47,73		20,58	52,53		20,58	55,21		20,58	56,98
51,6	20,28		51,6	23,34		51,6	25,95		51,6	28,08		51,6	29,77		51,6	31,15		51,6	33,55		51,6	35,09		51,6	36,85		51,6	37,79		51,6	38,4		21,07	20,28		21,07	24,35		21,07	28,33		21,07	32,06		21,07	35,38		21,07	38,32		21,07	43,96		21,07	47,96		21,07	52,84		21,07	55,57		21,07	57,39
52,8	20,28		52,8	23,37		52,8	26,01		52,8	28,18		52,8	29,9		52,8	31,3		52,8	33,74		52,8	35,32		52,8	37,12		52,8	38,08		52,8	38,7		21,56	20,28		21,56	24,36		21,56	28,35		21,56	32,1		21,56	35,44		21,56	38,41		21,56	44,13		21,56	48,19		21,56	53,16		21,56	55,95		21,56	57,8
54	20,28		54	23,41		54	26,08		54	28,27		54	30,02		54	31,45		54	33,94		54	35,55		54	37,39		54	38,38		54	39,01		22,05	20,28		22,05	24,36		22,05	28,36		22,05	32,13		22,05	35,5		22,05	38,5		22,05	44,3		22,05	48,42		22,05	53,49		22,05	56,33		22,05	58,22
55,2	20,28		55,2	23,44		55,2	26,15		55,2	28,37		55,2	30,15		55,2	31,61		55,2	34,14		55,2	35,79		55,2	37,67		55,2	38,68		55,2	39,33		22,54	20,28		22,54	24,37		22,54	28,38		22,54	32,16		22,54	35,56		22,54	38,6		22,54	44,47		22,54	48,66		22,54	53,82		22,54	56,72		22,54	58,66
56,4	20,28		56,4	23,47		56,4	26,21		56,4	28,47		56,4	30,28		56,4	31,76		56,4	34,35		56,4	36,03		56,4	37,95		56,4	38,99		56,4	39,66		23,03	20,28		23,03	24,37		23,03	28,39		23,03	32,2		23,03	35,62		23,03	38,69		23,03	44,63		23,03	48,9		23,03	54,16		23,03	57,12		23,03	59,1
57,6	20,28		57,6	23,5		57,6	26,28		57,6	28,57		57,6	30,41		57,6	31,92		57,6	34,56		57,6	36,28		57,6	38,25		57,6	39,3		57,6	39,99		23,52	20,28		23,52	24,37		23,52	28,4		23,52	32,23		23,52	35,68		23,52	38,78		23,52	44,81		23,52	49,14		23,52	54,5		23,52	57,53		23,52	59,55
58,8	20,28		58,8	23,54		58,8	26,35		58,8	28,67		58,8	30,54		58,8	32,08		58,8	34,77		58,8	36,53		58,8	38,54		58,8	39,63		58,8	40,33		24,01	20,28		24,01	24,38		24,01	28,42		24,01	32,26		24,01	35,74		24,01	38,87		24,01	44,98		24,01	49,39		24,01	54,85		24,01	57,95		24,01	60,02
60	20,28		60	23,57		60	26,42		60	28,78		60	30,68		60	32,24		60	34,99		60	36,78		60	38,85		60	39,96		60	40,68		24,5	20,28		24,5	24,38		24,5	28,43		24,5	32,29		24,5	35,8		24,5	38,96		24,5	45,15		24,5	49,63		24,5	55,21		24,5	58,37		24,5	60,49
61,2	20,28		61,2	23,6		61,2	26,48		61,2	28,88		61,2	30,81		61,2	32,41		61,2	35,21		61,2	37,04		61,2	39,16		61,2	40,3		61,2	41,04		24,99	20,28		24,99	24,38		24,99	28,44		24,99	32,32		24,99	35,85		24,99	39,05		24,99	45,33		24,99	49,89		24,99	55,57		24,99	58,81		24,99	60,98
62,4	20,28		62,4	23,63		62,4	26,55		62,4	28,98		62,4	30,95		62,4	32,57		62,4	35,43		62,4	37,31		62,4	39,48		62,4	40,65		62,4	41,41		25,48	20,28		25,48	24,38		25,48	28,45		25,48	32,35		25,48	35,91		25,48	39,14		25,48	45,5		25,48	50,14		25,48	55,94		25,48	59,26		25,48	61,48
63,6	20,28		63,6	23,67		63,6	26,62		63,6	29,09		63,6	31,09		63,6	32,74		63,6	35,66		63,6	37,58		63,6	39,81		63,6	41,01		63,6	41,79		25,97	20,28		25,97	24,39		25,97	28,46		25,97	32,38		25,97	35,97		25,97	39,23		25,97	45,68		25,97	50,4		25,97	56,32		25,97	59,71		25,97	61,99
64,8	20,28		64,8	23,7		64,8	26,69		64,8	29,19		64,8	31,22		64,8	32,91		64,8	35,9		64,8	37,86		64,8	40,14		64,8	41,38		64,8	42,19		26,46	20,28		26,46	24,39		26,46	28,47		26,46	32,41		26,46	36,03		26,46	39,32		26,46	45,86		26,46	50,66		26,46	56,71		26,46	60,18		26,46	62,52
66	20,28		66	23,73		66	26,75		66	29,3		66	31,36		66	33,08		66	36,13		66	38,15		66	40,49		66	41,76		66	42,59		26,95	20,28		26,95	24,39		26,95	28,48		26,95	32,44		26,95	36,08		26,95	39,41		26,95	46,04		26,95	50,93		26,95	57,11		26,95	60,66		26,95	63,05
67,2	20,28		67,2	23,76		67,2	26,82		67,2	29,4		67,2	31,51		67,2	33,26		67,2	36,38		67,2	38,44		67,2	40,84		67,2	42,15		67,2	43		27,44	20,28		27,44	24,39		27,44	28,49		27,44	32,47		27,44	36,14		27,44	39,5		27,44	46,22		27,44	51,2		27,44	57,51		27,44	61,15		27,44	63,61
68,4	20,28		68,4	23,79		68,4	26,89		68,4	29,51		68,4	31,65		68,4	33,44		68,4	36,62		68,4	38,74		68,4	41,21		68,4	42,55		68,4	43,43		27,93	20,28		27,93	24,4		27,93	28,5		27,93	32,5		27,93	36,19		27,93	39,59		27,93	46,41		27,93	51,47		27,93	57,92		27,93	61,65		27,93	64,17
69,6	20,28		69,6	23,82		69,6	26,96		69,6	29,61		69,6	31,79		69,6	33,62		69,6	36,87		69,6	39,04		69,6	41,58		69,6	42,96		69,6	43,87		28,42	20,28		28,42	24,4		28,42	28,51		28,42	32,52		28,42	36,24		28,42	39,68		28,42	46,59		28,42	51,75		28,42	58,34		28,42	62,16		28,42	64,76
70,8	20,28		70,8	23,85		70,8	27,02		70,8	29,72		70,8	31,94		70,8	33,8		70,8	37,13		70,8	39,35		70,8	41,96		70,8	43,38		70,8	44,32		28,91	20,28		28,91	24,4		28,91	28,52		28,91	32,55		28,91	36,29		28,91	39,76		28,91	46,78		28,91	52,03		28,91	58,77		28,91	62,69		28,91	65,36
72	20,28		72	23,88		72	27,09		72	29,83		72	32,09		72	33,98		72	37,39		72	39,67		72	42,36		72	43,82		72	44,79		29,4	20,28		29,4	24,4		29,4	28,53		29,4	32,57		29,4	36,35		29,4	39,85		29,4	46,96		29,4	52,32		29,4	59,21		29,4	63,23		29,4	65,97
73,2	20,28		73,2	23,91		73,2	27,16		73,2	29,93		73,2	32,23		73,2	34,17		73,2	37,66		73,2	40		73,2	42,76		73,2	44,27		73,2	45,27		29,89	20,28		29,89	24,4		29,89	28,54		29,89	32,6		29,89	36,4		29,89	39,94		29,89	47,15		29,89	52,61		29,89	59,66		29,89	63,79		29,89	66,61
74,4	20,28		74,4	23,94		74,4	27,22		74,4	30,04		74,4	32,38		74,4	34,36		74,4	37,93		74,4	40,34		74,4	43,18		74,4	44,74		74,4	45,77		30,38	20,28		30,38	24,4		30,38	28,55		30,38	32,62		30,38	36,45		30,38	40,02		30,38	47,34		30,38	52,9		30,38	60,12		30,38	64,36		30,38	67,26
75,6	20,28		75,6	23,97		75,6	27,29		75,6	30,15		75,6	32,53		75,6	34,55		75,6	38,21		75,6	40,68		75,6	43,61		75,6	45,22		75,6	46,28		30,87	20,28		30,87	24,41		30,87	28,55		30,87	32,64		30,87	36,5		30,87	40,1		30,87	47,53		30,87	53,2		30,87	60,59		30,87	64,95		30,87	67,94
76,8	20,28		76,8	23,99		76,8	27,35		76,8	30,25		76,8	32,68		76,8	34,74		76,8	38,49		76,8	41,03		76,8	44,05		76,8	45,71		76,8	46,82		31,36	20,28		31,36	24,41		31,36	28,56		31,36	32,67		31,36	36,54		31,36	40,19		31,36	47,72		31,36	53,5		31,36	61,07		31,36	65,55		31,36	68,63
78	20,28		78	24,02		78	27,41		78	30,36		78	32,83		78	34,94		78	38,78		78	41,39		78	44,5		78	46,23		78	47,37		31,85	20,28		31,85	24,41		31,85	28,57		31,85	32,69		31,85	36,59		31,85	40,27		31,85	47,91		31,85	53,81		31,85	61,56		31,85	66,17		31,85	69,35
79,2	20,28		79,2	24,05		79,2	27,48		79,2	30,47		79,2	32,99		79,2	35,13		79,2	39,07		79,2	41,76		79,2	44,97		79,2	46,76		79,2	47,94		32,34	20,28		32,34	24,41		32,34	28,58		32,34	32,71		32,34	36,63		32,34	40,35		32,34	48,1		32,34	54,12		32,34	62,07		32,34	66,81		32,34	70,09
80,4	20,28		80,4	24,07		80,4	27,54		80,4	30,58		80,4	33,14		80,4	35,34		80,4	39,37		80,4	42,14		80,4	45,46		80,4	47,3		80,4	48,53		32,83	20,28		32,83	24,41		32,83	28,58		32,83	32,73		32,83	36,68		32,83	40,43		32,83	48,3		32,83	54,43		32,83	62,58		32,83	67,47		32,83	70,85
81,6	20,28		81,6	24,1		81,6	27,6		81,6	30,68		81,6	33,29		81,6	35,54		81,6	39,68		81,6	42,53		81,6	45,96		81,6	47,87		81,6	49,15		33,32	20,28		33,32	24,42		33,32	28,59		33,32	32,75		33,32	36,72		33,32	40,51		33,32	48,49		33,32	54,75		33,32	63,11		33,32	68,15		33,32	71,64
82,8	20,28		82,8	24,12		82,8	27,66		82,8	30,79		82,8	33,45		82,8	35,74		82,8	39,99		82,8	42,93		82,8	46,48		82,8	48,46		82,8	49,79		33,81	20,28		33,81	24,42		33,81	28,59		33,81	32,77		33,81	36,76		33,81	40,59		33,81	48,68		33,81	55,07		33,81	63,66		33,81	68,85		33,81	72,46
84	20,28		84	24,14		84	27,72		84	30,89		84	33,6		84	35,95		84	40,31		84	43,34		84	47,01		84	49,07		84	50,45		34,3	20,28		34,3	24,42		34,3	28,6		34,3	32,78		34,3	36,81		34,3	40,66		34,3	48,88		34,3	55,4		34,3	64,21		34,3	69,57		34,3	73,31
85,2	20,28		85,2	24,16		85,2	27,77		85,2	31		85,2	33,76		85,2	36,16		85,2	40,64		85,2	43,77		85,2	47,57		85,2	49,71		85,2	51,15		34,79	20,28		34,79	24,42		34,79	28,61		34,79	32,8		34,79	36,85		34,79	40,74		34,79	49,07		34,79	55,73		34,79	64,78		34,79	70,31		34,79	74,19
86,4	20,28		86,4	24,19		86,4	27,83		86,4	31,1		86,4	33,92		86,4	36,37		86,4	40,97		86,4	44,2		86,4	48,14		86,4	50,37		86,4	51,87		35,28	20,28		35,28	24,42		35,28	28,61		35,28	32,82		35,28	36,88		35,28	40,81		35,28	49,27		35,28	56,07		35,28	65,37		35,28	71,08		35,28	75,1
87,6	20,28		87,6	24,21		87,6	27,89		87,6	31,2		87,6	34,07		87,6	36,58		87,6	41,31		87,6	44,65		87,6	48,74		87,6	51,06		87,6	52,62		35,77	20,28		35,77	24,42		35,77	28,62		35,77	32,83		35,77	36,92		35,77	40,89		35,77	49,46		35,77	56,41		35,77	65,97		35,77	71,88		35,77	76,05
88,8	20,28		88,8	24,23		88,8	27,94		88,8	31,3		88,8	34,23		88,8	36,79		88,8	41,66		88,8	45,11		88,8	49,35		88,8	51,77		88,8	53,41		36,26	20,28		36,26	24,43		36,26	28,62		36,26	32,85		36,26	36,96		36,26	40,96		36,26	49,66		36,26	56,76		36,26	66,59		36,26	72,7		36,26	77,03
90	20,28		90	24,24		90	27,99		90	31,4		90	34,38		90	37,01		90	42,01		90	45,58		90	50		90	52,52		90	54,23		36,75	20,28		36,75	24,43		36,75	28,63		36,75	32,86		36,75	36,99		36,75	41,03		36,75	49,85		36,75	57,11		36,75	67,23		36,75	73,56		36,75	78,06
91,2	20,28		91,2	24,26		91,2	28,04		91,2	31,5		91,2	34,54		91,2	37,23		91,2	42,38		91,2	46,07		91,2	50,66		91,2	53,3		91,2	55,1		37,24	20,28		37,24	24,43		37,24	28,63		37,24	32,88		37,24	37,03		37,24	41,09		37,24	50,05		37,24	57,46		37,24	67,88		37,24	74,44		37,24	79,13
92,4	20,28		92,4	24,28		92,4	28,09		92,4	31,6		92,4	34,69		92,4	37,44		92,4	42,75		92,4	46,57		92,4	51,36		92,4	54,12		92,4	56		37,73	20,28		37,73	24,43		37,73	28,64		37,73	32,89		37,73	37,06		37,73	41,16		37,73	50,24		37,73	57,82		37,73	68,56		37,73	75,36		37,73	80,24
93,6	20,28		93,6	24,29		93,6	28,14		93,6	31,69		93,6	34,85		93,6	37,66		93,6	43,12		93,6	47,09		93,6	52,08		93,6	54,97		93,6	56,95		38,22	20,28		38,22	24,43		38,22	28,64		38,22	32,9		38,22	37,09		38,22	41,22		38,22	50,43		38,22	58,18		38,22	69,25		38,22	76,31		38,22	81,41
94,8	20,28		94,8	24,31		94,8	28,18		94,8	31,79		94,8	35		94,8	37,88		94,8	43,51		94,8	47,62		94,8	52,83		94,8	55,87		94,8	57,96		38,71	20,28		38,71	24,44		38,71	28,65		38,71	32,92		38,71	37,12		38,71	41,28		38,71	50,62		38,71	58,55		38,71	69,96		38,71	77,31		38,71	82,63
96	20,28		96	24,32		96	28,23		96	31,88		96	35,15		96	38,1		96	43,9		96	48,17		96	53,62		96	56,81		96	59,01		39,2	20,28		39,2	24,44		39,2	28,65		39,2	32,93		39,2	37,15		39,2	41,34		39,2	50,81		39,2	58,92		39,2	70,7		39,2	78,34		39,2	83,91
97,2	20,28		97,2	24,33		97,2	28,27		97,2	31,97		97,2	35,3		97,2	38,32		97,2	44,3		97,2	48,74		97,2	54,44		97,2	57,8		97,2	60,13		39,69	20,28		39,69	24,44		39,69	28,66		39,69	32,94		39,69	37,18		39,69	41,4		39,69	51		39,69	59,29		39,69	71,46		39,69	79,42		39,69	85,25
98,4	20,28		98,4	24,34		98,4	28,31		98,4	32,05		98,4	35,45		98,4	38,54		98,4	44,71		98,4	49,33		98,4	55,3		98,4	58,85		98,4	61,31		40,18	20,28		40,18	24,44		40,18	28,67		40,18	32,96		40,18	37,21		40,18	41,46		40,18	51,19		40,18	59,67		40,18	72,24		40,18	80,54		40,18	86,66
99,6	20,28		99,6	24,35		99,6	28,34		99,6	32,14		99,6	35,6		99,6	38,76		99,6	45,13		99,6	49,93		99,6	56,2		99,6	59,95		99,6	62,57		40,67	20,28		40,67	24,44		40,67	28,67		40,67	32,97		40,67	37,23		40,67	41,51		40,67	51,37		40,67	60,05		40,67	73,05		40,67	81,71		40,67	88,15
100,8	20,28		100,8	24,36		100,8	28,38		100,8	32,22		100,8	35,74		100,8	38,98		100,8	45,55		100,8	50,56		100,8	57,14		100,8	61,11		100,8	63,9		41,16	20,28		41,16	24,45		41,16	28,68		41,16	32,98		41,16	37,26		41,16	41,57		41,16	51,56		41,16	60,43		41,16	73,88		41,16	82,94		41,16	89,72
102	20,28		102	24,37		102	28,41		102	32,3		102	35,88		102	39,2		102	45,98		102	51,2		102	58,14		102	62,35		102	65,33		41,65	20,28		41,65	24,45		41,65	28,68		41,65	32,99		41,65	37,29		41,65	41,62		41,65	51,74		41,65	60,82		41,65	74,75		41,65	84,23		41,65	91,38
103,2	20,28		103,2	24,38		103,2	28,44		103,2	32,37		103,2	36,02		103,2	39,42		103,2	46,42		103,2	51,87		103,2	59,18		103,2	63,67		103,2	66,86		42,14	20,28		42,14	24,45		42,14	28,69		42,14	33,01		42,14	37,31		42,14	41,67		42,14	51,91		42,14	61,21		42,14	75,64		42,14	85,58		42,14	93,15
104,4	20,28		104,4	24,39		104,4	28,47		104,4	32,44		104,4	36,15		104,4	39,63		104,4	46,87		104,4	52,56		104,4	60,28		104,4	65,07		104,4	68,49		42,63	20,28		42,63	24,45		42,63	28,7		42,63	33,02		42,63	37,34		42,63	41,72		42,63	52,09		42,63	61,6		42,63	76,56		42,63	87		42,63	95,03
105,6	20,28		105,6	24,39		105,6	28,5		105,6	32,51		105,6	36,28		105,6	39,84		105,6	47,32		105,6	53,28		105,6	61,45		105,6	66,56		105,6	70,26		43,12	20,28		43,12	24,45		43,12	28,7		43,12	33,03		43,12	37,37		43,12	41,77		43,12	52,26		43,12	61,99		43,12	77,52		43,12	88,5		43,12	97,03
106,8	20,28		106,8	24,4		106,8	28,52		106,8	32,57		106,8	36,4		106,8	40,05		106,8	47,78		106,8	54,01		106,8	62,68		106,8	68,17		106,8	72,17		43,61	20,28		43,61	24,45		43,61	28,71		43,61	33,05		43,61	37,39		43,61	41,82		43,61	52,43		43,61	62,38		43,61	78,51		43,61	90,09		43,61	99,18
108	20,28		108	24,41		108	28,54		108	32,63		108	36,52		108	40,25		108	48,24		108	54,78		108	63,99		108	69,9		108	74,24		44,1	20,28		44,1	24,45		44,1	28,72		44,1	33,06		44,1	37,42		44,1	41,86		44,1	52,6		44,1	62,78		44,1	79,53		44,1	91,77		44,1	101,49
109,2	20,28		109,2	24,41		109,2	28,57		109,2	32,69		109,2	36,64		109,2	40,45		109,2	48,71		109,2	55,56		109,2	65,37		109,2	71,76		109,2	76,51		44,59	20,28		44,59	24,45		44,59	28,72		44,59	33,08		44,59	37,45		44,59	41,91		44,59	52,76		44,59	63,17		44,59	80,6		44,59	93,55		44,59	103,98
110,4	20,28		110,4	24,42		110,4	28,59		110,4	32,74		110,4	36,75		110,4	40,64		110,4	49,18		110,4	56,38		110,4	66,85		110,4	73,78		110,4	79		45,08	20,28		45,08	24,45		45,08	28,72		45,08	33,09		45,08	37,48		45,08	41,96		45,08	52,92		45,08	63,57		45,08	81,71		45,08	95,45		45,08	106,7
111,6	20,28		111,6	24,42		111,6	28,6		111,6	32,79		111,6	36,85		111,6	40,83		111,6	49,65		111,6	57,22		111,6	68,43		111,6	75,98		111,6	81,75		45,57	20,28		45,57	24,44		45,57	28,72		45,57	33,1		45,57	37,5		45,57	42,01		45,57	53,09		45,57	63,97		45,57	82,87		45,57	97,49		45,57	109,66
112,8	20,28		112,8	24,43		112,8	28,62		112,8	32,84		112,8	36,95		112,8	41,01		112,8	50,13		112,8	58,09		112,8	70,13		112,8	78,39		112,8	84,81		46,06	20,28		46,06	24,44		46,06	28,72		46,06	33,1		46,06	37,53		46,06	42,05		46,06	53,25		46,06	64,36		46,06	84,08		46,06	99,68		46,06	112,94
114	20,28		114	24,43		114	28,64		114	32,88		114	37,05		114	41,18		114	50,6		114	58,98		114	71,94		114	81,04		114	88,25		46,55	20,28		46,55	24,43		46,55	28,71		46,55	33,1		46,55	37,54		46,55	42,09		46,55	53,42		46,55	64,76		46,55	85,34		46,55	102,06		46,55	116,58
115,2	20,28		115,2	24,43		115,2	28,65		115,2	32,92		115,2	37,14		115,2	41,34		115,2	51,08		115,2	59,9		115,2	73,91		115,2	83,99		115,2	92,14		47,04	20,28		47,04	24,42		47,04	28,69		47,04	33,08		47,04	37,55		47,04	42,11		47,04	53,58		47,04	65,16		47,04	86,68		47,04	104,67		47,04	120,69
116,4	20,28		116,4	24,43		116,4	28,66		116,4	32,96		116,4	37,22		116,4	41,5		116,4	51,55		116,4	60,85		116,4	76,04		116,4	87,28		116,4	96,63		47,53	20,28		47,53	24,41		47,53	28,67		47,53	33,05		47,53	37,53		47,53	42,11		47,53	53,72		47,53	65,55		47,53	88,08		47,53	107,57		47,53	125,42
117,6	20,28		117,6	24,43		117,6	28,67		117,6	32,99		117,6	37,3		117,6	41,64		117,6	52,02		117,6	61,8		117,6	78,36		117,6	91,01		117,6	101,86		48,02	20,28		48,02	24,39		48,02	28,63		48,02	33		48,02	37,47		48,02	42,06		48,02	53,8		48,02	65,88		48,02	89,54		48,02	110,86		48,02	130,99
118,8	20,28		118,8	24,43		118,8	28,67		118,8	33		118,8	37,36		118,8	41,76		118,8	52,49		118,8	62,73		118,8	80,9		118,8	95,31		118,8	108,09		48,51	20,28		48,51	24,38		48,51	28,59		48,51	32,92		48,51	37,37		48,51	41,94		48,51	53,76		48,51	66,05		48,51	90,94		48,51	114,66		48,51	137,7
120	20,28		120	24,42		120	28,66		120	33		120	37,39		120	41,83		120	52,92		120	63,6		120	83,63		120	100,41		120	115,64		49	20,28		49	24,37		49	28,56		49	32,85		49	37,24		49	41,74		49	53,47		49	65,82		49	91,87		49	118,74		49	145,58
121	20,28		121	23,97		121	27,69		121	31,44		121	35,19		121	38,95		121	48,33		121	57,38		121	74,24		121	89,22		121	102,16		49,1	20,28		49,1	23,93		49,1	27,6		49,1	31,29		49,1	35,02		49,1	38,79		49,1	48,44		49,1	58,39		49,1	78,99		49,1	100,07		49,1	121,03
122	20,28		122	23,52		122	26,74		122	29,94		122	33,1		122	36,26		122	44,03		122	51,54		122	65,56		122	78,15		122	89,31		49,2	20,28		49,2	23,49		49,2	26,67		49,2	29,81		49,2	32,94		49,2	36,07		49,2	43,91		49,2	51,81		49,2	67,8		49,2	83,92		49,2	99,92
123	20,28		123	23,09		123	25,83		123	28,51		123	31,14		123	33,73		123	40,04		123	46,11		123	57,44		123	67,59		123	76,79		49,3	20,28		49,3	23,06		49,3	25,77		49,3	28,41		49,3	31		49,3	33,55		49,3	39,82		49,3	45,99		49,3	58,17		49,3	70,18		49,3	81,99
124	20,28		124	22,66		124	24,95		124	27,15		124	29,29		124	31,37		124	36,36		124	41,1		124	49,88		124	57,84		124	65,1		49,4	20,28		49,4	22,64		49,4	24,9		49,4	27,07		49,4	29,17		49,4	31,21		49,4	36,14		49,4	40,86		49,4	49,93		49,4	58,64		49,4	67,06
125	20,28		125	22,24		125	24,09		125	25,85		125	27,54		125	29,16		125	32,99		125	36,56		125	43,11		125	48,98		125	54,35		49,5	20,28		49,5	22,23		49,5	24,06		49,5	25,8		49,5	27,45		49,5	29,04		49,5	32,8		49,5	36,32		49,5	42,89		49,5	49,01		49,5	54,81
126	20,28		126	21,83		126	23,27		126	24,62		126	25,9		126	27,11		126	29,92		126	32,5		126	37,11		126	41,23		126	44,97		49,6	20,28		49,6	21,83		49,6	23,25		49,6	24,58		49,6	25,84		49,6	27,03		49,6	29,79		49,6	32,31		49,6	36,88		49,6	41,01		49,6	44,83
127	20,28		127	21,43		127	22,48		127	23,44		127	24,35		127	25,19		127	27,12		127	28,86		127	31,9		127	34,55		127	36,93		49,7	20,28		49,7	21,43		49,7	22,47		49,7	23,43		49,7	24,32		49,7	25,15		49,7	27,05		49,7	28,75		49,7	31,74		49,7	34,36		49,7	36,72
128	20,28		128	21,04		128	21,72		128	22,33		128	22,9		128	23,43		128	24,6		128	25,64		128	27,4		128	28,91		128	30,22		49,8	20,28		49,8	21,04		49,8	21,71		49,8	22,33		49,8	22,89		49,8	23,41		49,8	24,57		49,8	25,59		49,8	27,33		49,8	28,81		49,8	30,11
129	20,28		129	20,65		129	20,98		129	21,28		129	21,55		129	21,79		129	22,33		129	22,79		129	23,56		129	24,19		129	24,74		49,9	20,28		49,9	20,65		49,9	20,98		49,9	21,28		49,9	21,54		49,9	21,79		49,9	22,32		49,9	22,78		49,9	23,54		49,9	24,17		49,9	24,7
130	20,28		130	20,28		130	20,28		130	20,28		130	20,28		130	20,28		130	20,28		130	20,28		130	20,28		130	20,28		130	20,28		50	20,28		50	20,28		50	20,28		50	20,28		50	20,28		50	20,28		50	20,28		50	20,28		50	20,28		50	20,28		50	20,28