расчет 1 # BETA_CRUST = 2, BETA_MANTLE = 3
Возраст_Ma	Q_mW/m2
130	20,22
129	21,78
128	23,51
127	25,44
126	27,75
125	30,42
124	33,48
123	36,91
122	40,69
121	44,81
120	49,21
118,8	49,68
117,6	49,95
116,4	50,06
115,2	50,04
114	49,94
112,8	49,76
111,6	49,52
110,4	49,24
109,2	48,93
108	48,59
106,8	48,23
105,6	47,86
104,4	47,48
103,2	47,09
102	46,7
100,8	46,3
99,6	45,91
98,4	45,52
97,2	45,13
96	44,74
94,8	44,36
93,6	43,98
92,4	43,6
91,2	43,24
90	42,87
88,8	42,52
87,6	42,17
86,4	41,82
85,2	41,48
84	41,15
82,8	40,82
81,6	40,5
80,4	40,19
79,2	39,88
78	39,58
76,8	39,28
75,6	38,99
74,4	38,7
73,2	38,42
72	38,14
70,8	37,87
69,6	37,6
68,4	37,34
67,2	37,09
66	36,83
64,8	36,59
63,6	36,35
62,4	36,11
61,2	35,87
60	35,64
58,8	35,42
57,6	35,2
56,4	34,98
55,2	34,76
54	34,55
52,8	34,35
51,6	34,14
50,4	33,94
49,2	33,75
48	33,55
46,8	33,36
45,6	33,18
44,4	32,99
43,2	32,81
42	32,63
40,8	32,46
39,6	32,28
38,4	32,12
37,2	31,95
36	31,78
34,8	31,62
33,6	31,46
32,4	31,31
31,2	31,15
30	31
28,8	30,85
27,6	30,7
26,4	30,56
25,2	30,42
24	30,27
22,8	30,14
21,6	30
20,4	29,86
19,2	29,73
18	29,6
16,8	29,47
15,6	29,35
14,4	29,22
13,2	29,1
12	28,98
10,8	28,86
9,6	28,74
8,4	28,62
7,2	28,51
6	28,39
4,8	28,28
3,6	28,17
2,4	28,07
1,2	27,96

расчет 2 # BETA_CRUST = 1.5, BETA_MANTLE = 3
Возраст_Ma	Q_mW/m2
130	20,22
129	21,12
128	22,11
127	23,23
126	24,48
125	25,96
124	27,85
123	30,13
122	32,78
121	35,76
120	39,05
118,8	40,32
117,6	41,29
116,4	42,02
115,2	42,57
114	42,97
112,8	43,24
111,6	43,41
110,4	43,5
109,2	43,52
108	43,49
106,8	43,41
105,6	43,29
104,4	43,14
103,2	42,97
102	42,78
100,8	42,57
99,6	42,35
98,4	42,11
97,2	41,87
96	41,62
94,8	41,37
93,6	41,11
92,4	40,85
91,2	40,59
90	40,32
88,8	40,06
87,6	39,8
86,4	39,54
85,2	39,28
84	39,02
82,8	38,76
81,6	38,51
80,4	38,26
79,2	38,01
78	37,76
76,8	37,52
75,6	37,28
74,4	37,04
73,2	36,81
72	36,57
70,8	36,35
69,6	36,12
68,4	35,9
67,2	35,68
66	35,46
64,8	35,25
63,6	35,04
62,4	34,84
61,2	34,63
60	34,43
58,8	34,23
57,6	34,04
56,4	33,85
55,2	33,66
54	33,47
52,8	33,29
51,6	33,11
50,4	32,93
49,2	32,76
48	32,58
46,8	32,41
45,6	32,25
44,4	32,08
43,2	31,92
42	31,76
40,8	31,6
39,6	31,44
38,4	31,29
37,2	31,14
36	30,99
34,8	30,84
33,6	30,7
32,4	30,55
31,2	30,41
30	30,27
28,8	30,14
27,6	30
26,4	29,87
25,2	29,74
24	29,61
22,8	29,48
21,6	29,36
20,4	29,23
19,2	29,11
18	28,99
16,8	28,87
15,6	28,75
14,4	28,64
13,2	28,52
12	28,41
10,8	28,3
9,6	28,19
8,4	28,08
7,2	27,98
6	27,87
4,8	27,77
3,6	27,67
2,4	27,57
1,2	27,47

расчет 3 # BETA_CRUST = 3, BETA_MANTLE = 4
Возраст_Ma	Q_mW/m2
130	20,22
129	22,79
128	25,75
127	29,27
126	33,41
125	38,19
124	43,59
123	49,6
122	58
121	66,87
120	76,05
118,8	74,94
117,6	73,78
116,4	72,58
115,2	71,38
114	70,18
112,8	69
111,6	67,84
110,4	66,72
109,2	65,62
108	64,56
106,8	63,53
105,6	62,54
104,4	61,58
103,2	60,65
102	59,76
100,8	58,9
99,6	58,06
98,4	57,26
97,2	56,49
96	55,74
94,8	55,01
93,6	54,32
92,4	53,64
91,2	52,99
90	52,36
88,8	51,74
87,6	51,15
86,4	50,58
85,2	50,02
84	49,48
82,8	48,96
81,6	48,45
80,4	47,96
79,2	47,48
78	47,01
76,8	46,56
75,6	46,12
74,4	45,69
73,2	45,27
72	44,86
70,8	44,46
69,6	44,08
68,4	43,7
67,2	43,33
66	42,97
64,8	42,62
63,6	42,28
62,4	41,94
61,2	41,62
60	41,3
58,8	40,99
57,6	40,68
56,4	40,38
55,2	40,09
54	39,8
52,8	39,52
51,6	39,25
50,4	38,98
49,2	38,71
48	38,46
46,8	38,2
45,6	37,95
44,4	37,71
43,2	37,47
42	37,24
40,8	37,01
39,6	36,78
38,4	36,56
37,2	36,34
36	36,13
34,8	35,92
33,6	35,71
32,4	35,51
31,2	35,31
30	35,12
28,8	34,92
27,6	34,73
26,4	34,55
25,2	34,37
24	34,19
22,8	34,01
21,6	33,84
20,4	33,66
19,2	33,5
18	33,33
16,8	33,17
15,6	33,01
14,4	32,85
13,2	32,69
12	32,54
10,8	32,39
9,6	32,24
8,4	32,09
7,2	31,95
6	31,81
4,8	31,67
3,6	31,53
2,4	31,4
1,2	31,26

расчет 4 # BETA_CRUST = 15, BETA_MANTLE = 1
Возраст_Ma	Q_mW/m2
130	20,22
129	25,79
128	31,49
127	37,31
126	35,79
125	34,54
124	33,5
123	32,62
122	31,88
121	31,24
120	30,69
118,8	30,13
117,6	29,66
116,4	29,24
115,2	28,88
114	28,56
112,8	28,28
111,6	28,03
110,4	27,8
109,2	27,6
108	27,41
106,8	27,24
105,6	27,08
104,4	26,94
103,2	26,8
102	26,67
100,8	26,55
99,6	26,44
98,4	26,34
97,2	26,24
96	26,14
94,8	26,06
93,6	25,97
92,4	25,89
91,2	25,81
90	25,73
88,8	25,66
87,6	25,59
86,4	25,52
85,2	25,46
84	25,4
82,8	25,34
81,6	25,28
80,4	25,22
79,2	25,16
78	25,11
76,8	25,05
75,6	25
74,4	24,95
73,2	24,9
72	24,85
70,8	24,8
69,6	24,76
68,4	24,71
67,2	24,67
66	24,62
64,8	24,58
63,6	24,53
62,4	24,49
61,2	24,45
60	24,41
58,8	24,37
57,6	24,33
56,4	24,29
55,2	24,25
54	24,22
52,8	24,18
51,6	24,14
50,4	24,11
49,2	24,07
48	24,04
46,8	24
45,6	23,97
44,4	23,94
43,2	23,9
42	23,87
40,8	23,84
39,6	23,81
38,4	23,78
37,2	23,75
36	23,72
34,8	23,69
33,6	23,66
32,4	23,63
31,2	23,6
30	23,57
28,8	23,54
27,6	23,52
26,4	23,49
25,2	23,46
24	23,44
22,8	23,41
21,6	23,39
20,4	23,36
19,2	23,34
18	23,31
16,8	23,29
15,6	23,26
14,4	23,24
13,2	23,22
12	23,19
10,8	23,17
9,6	23,15
8,4	23,13
7,2	23,1
6	23,08
4,8	23,06
3,6	23,04
2,4	23,02
1,2	23

